10217
7881
5099
11122
4974
13759
11799
15591
1985
1228
2683
8762
8944
8687
13988
9257
5762
13626
9314
3888
14160
12616
2159
16260
8578
3914
11838
3511
15015
12478
6880
3582
15342
10427
14609
13323
3713
3819
10337
3480
9217
7703
10623
9602
5404
88
415
399
12363
2800
3852
3277
680
2997
10441
8342
1260
10790
864
15924
13959
15900
13517
11038
4312
7710
4485
477
7307
1874
15519
10638
4882
8460
9509
1540
5693
15877
2675
4746
10227
7465
461
14660
11282
3085
5888
6448
7778
11517
558
3276
1717
687
3261
9045
5403
918
8025
7850
12353
5845
4901
10188
8170
15566
16385
3076
7557
1367
8692
13471
13550
5513
4026
11097
16193
7989
7273
7508
8664
3060
7741
11971
7013
15834
13444
4393
2347
10183
1699
11832
11863
8026
5702
6487
10107
10883
7847
6596
5163
10932
6902
16210
8368
10164
11750
5072
14826
7184
1112
6919
5442
1327
11552
13150
5837
6402
16373
2332
16252
9045
3446
11849
11648
11460
12888
2355
6331
11597
1963
11145
5473
11391
2636
1062
1709
4430
13157
15725
3008
899
7200
14924
4244
8402
9835
991
3358
10122
1253
6578
7298
6371
7143
13987
13936
13560
5549
15459
13469
4690
9122
6040
11867
13085
1739
3744
5210
6650
6476
3317
5752
113
13079
7464
15810
12545
9139
9100
1167
9942
6952
2929
5810
13591
15368
14601
988
6105
12441
12780
3604
12468
15648
3636
7758
4337
10567
9284
2345
4958
15022
298
11717
10174
6799
8095
6337
4576
8331
12200
13649
15947
7314
8411
13950
11923
6639
320
632
8012
13682
8913
2582
10649
183
6560
5742
608
3220
1173
13967
6428
5279
13010
5980
14415
9693
6068
12163
10643
14983
8055
2459
16204
9462
5748
5723
1532
944
13578
4343
16180
6282
535
8086
10275
15613
7714
14830
11725
3461
10520
16385
4313
1587
5296
2800
6919
10837
5484
8701
10301
12603
1085
7583
9534
4650
8898
8894
1527
10589
5165
14
5493
4150
15554
6023
8567
8837
6654
7683
9116
2799
1361
6897
10809
4223
13192
12854
8907
16202
8907
8739
2052
9788
2366
16273
5508
1024
13895
6681
806
7436
14443
4720
10740
5322
14806
3295
5305
995
9590
2528
7730
9638
1731
3796
7904
5782
13854
10465
3198
15890
980
13289
3338
7453
13246
12198
8066
7245
15239
3297
7214
4816
5514
15569
11924
8346
6742
11409
2829
5548
13008
14010
498
126
5363
13599
12914
7564
7479
15526
16132
511
13964
11588
1397
15218
8962
8209
15517
16100
5896
7563
14771
8382
14669
9703
16186
12282
14663
13713
6038
11890
3662
4036
7488
75
4453
14660
12947
3190
917
11577
2882
10341
13047
13862
2407
2256
4173
13575
4152
4507
10059
137
3673
16104
2936
9827
8649
317
11180
14547
6010
1740
7734
12851
10369
3040
6044
6329
14055
11367
7678
11341
11291
4250
11032
2180
15109
11977
3811
1212
10168
15428
1239
15441
5827
1892
3536
2300
1573
5304
138
6474
12764
14667
8907
11578
1561
3090
15645
8944
8466
10355
15157
7574
1652
7153
2804
12371
1651
14579
3080
5987
14976
10420
558
10581
6551
13894
7191
2659
1587
11455
229
3052
6111
645
13905
526
619
11189
4460
14687
7351
3502
1022
5833
10544
11709
14479
2949
8661
5346
3840
10033
10741
703
11221
12811
10104
10656
11283
6479
9686
3493
12225
6060
1193
269
3340
9186
5083
6045
7692
3960
8060
2861
15133
8090
3379
11091
5100
2576
3407
4648
14607
8281
377
14392
2128
4837
6921
8584
3463
5746
4851
15808
2593
5502
15708
13687
13633
14315
6861
16029
9858
10929
10499
12803
15703
12732
5474
15367
14096
11750
4869
8795
1402
8463
13939
14581
6178
6745
6383
17
10806
5248
9581
1378
1801
12374
4381
600
5939
5468
8614
4490
10321
8829
754
13636
366
14564
3744
2348
13822
2813
1818
6414
2436
14729
10309
14024
5584
10458
4047
2383
1511
6190
7976
12000
6015
9512
6416
11330
13605
1386
7370
824
6910
8271
235
10757
6184
4805
12242
15895
7868
1863
1972
11222
13424
11256
8275
9606
13789
12507
14411
9047
15963
6192
11273
1678
9861
744
14426
6603
11101
841
10908
2171
12301
8093
147
1881
11336
3860
6619
2077
14667
6842
15605
12870
3972
11410
4609
15106
9935
14034
5384
5692
2903
15673
8691
6847
6432
10890
7196
4999
12318
15404
4992
6183
4866
11738
10638
9812
658
12164
6047
5775
1970
3913
6403
9714
15876
8587
6836
12050
4391
4402
12970
3090
16032
8701
203
15304
3667
3843
15229
1033
5037
3911
2522
11023
10592
10873
11648
522
14794
10186
7683
6852
1523
231
6144
8814
15666
8983
463
15240
5996
10351
10197
4334
1017
4913
12916
15357
7971
13637
6048
14308
76
3535
10767
15368
4780
1776
2061
14224
2740
7577
3050
2063
10771
7562
17
9551
9299
15208
14519
7225
5664
14076
5421
4834
8485
3977
2770
12210
7828
13381
15273
7599
14913
15096
14979
2022
10345
1714
16089
1529
2069
10406
10809
5059
9238
9509
8539
3623
9388
9909
6863
3833
9160
2383
9558
8709
13802
1976
1994
11579
6569
13559
15547
1531
8142
3061
11161
3453
15900
16179
8583
3673
7855
4772
11219
13621
7679
10667
5632
7821
2432
4912
11644
5020
4327
15835
3315
12392
15372
7795
4416
3307
5991
12879
14844
9054
10553
10235
6069
3488
8521
6119
2493
5060
5448
5960
11677
9657
15315
3858
549
14866
14355
8461
8225
11253
10242
1300
2730
4641
1869
10349
14614
10520
6354
14658
7310
2667
10437
10301
828
2853
6516
2626
6942
15183
3235
9286
13945
8354
7061
2893
5101
9804
12201
8833
3106
7129
11677
8558
10013
15682
1395
11354
15154
7700
6381
10434
6039
12726
2742
6128
7313
2782
10272
8632
845
3085
16260
6481
14158
9030
5450
9808
894
2766
2438
7104
13540
10524
8252
10077
13554
2530
15936
8944
15736
2611
3261
12740
10297
12756
5457
13383
15384
5023
2257
15293
14831
12050
687
2077
2813
11511
15094
14863
4859
12588
14574
765
1994
7058
14434
15701
4299
12818
4986
14048
4043
3531
9030
#